*********************************************************
Program parameters

baseParams	(Str)	4.0 13.0 2
clusterParams	(Str)	0.1 4 2.0 4.0
desolvationParams	(Str)	500.0 1.0
ligandActiveSite	(Str)	s2.txt
ligandGrid	(Str)	0.5 6.0 6.0
ligandMs	(Str)	10.0 1.8
ligandPdb	(Str)	1cew_atom_l.pdb
ligandSeg	(Str)	10.0 20.0 1.5 1 0 0 4
log-file	(Str)	patch_dock.log
log-level	(Str)	2
matchAlgorithm	(Str)	1
matchingParams	(Str)	1.5 1.5 0.4 0.5 0.9
protLib	(Str)	/home/juan.carlos/Programs/PatchDock/chem.lib
receptorActiveSite	(Str)	s1.txt
receptorGrid	(Str)	0.5 6.0 6.0
receptorMs	(Str)	10.0 1.8
receptorPdb	(Str)	2ghu_atom_r.pdb
receptorSeg	(Str)	10.0 20.0 1.5 0 0 1 3
scoreParams	(Str)	0.4 -5.0 0.5 0.0 0.0 1500 -8 -4 0 1 0

*********************************************************

   # | score | pen.  | Area    | as1   | as2   | as12  | ACE     | hydroph | Energy  |cluster| dist. || Ligand Transformation
   1 | 11434 | -3.30 | 1416.50 |   445 |  1487 |   501 |    4.64 |    0.00 |    0.00 |     0 | 0.00 || -1.34055 0.20307 -1.03259 -0.63265 3.18407 -9.21635
   2 |  9196 | -3.01 | 1205.40 |   854 |   840 |   261 |  190.90 |    0.00 |    0.00 |     0 | 0.00 || 0.30343 -0.58510 1.95108 54.48787 -21.34489 -37.34293
   3 |  9008 | -4.40 | 1567.80 |   746 |   566 |     0 |  315.51 |    0.00 |    0.00 |     0 | 0.00 || -1.74261 -0.56826 0.58648 40.35918 -16.22930 7.36846
   4 |  8934 | -3.92 | 1679.00 |   617 |   686 |    65 | -109.77 |    0.00 |    0.00 |     0 | 0.00 || 1.11269 -0.64633 2.12883 41.36593 -29.21510 -38.96647
   5 |  8822 | -4.29 | 1501.10 |   852 |   684 |     0 | -125.57 |    0.00 |    0.00 |     0 | 0.00 || 1.12330 -0.42385 2.47475 43.06212 -21.04417 -42.84628
   6 |  8460 | -3.04 | 1274.10 |   920 |   976 |     8 |  -36.98 |    0.00 |    0.00 |     0 | 0.00 || 0.83119 -0.85704 2.17640 49.03125 -26.23548 -33.61519
   7 |  7770 | -4.09 | 1495.30 |   889 |   825 |     0 |  123.81 |    0.00 |    0.00 |     0 | 0.00 || -2.08355 -0.56019 0.35532 35.53697 -6.86318 9.07103
   8 |  7576 | -3.46 | 1664.10 |   883 |   798 |     0 |  174.44 |    0.00 |    0.00 |     0 | 0.00 || 0.80902 -0.25722 2.54061 47.70236 -12.09786 -47.50104
   9 |  7466 | -4.11 | 1830.40 |   385 |   928 |   482 |  183.89 |    0.00 |    0.00 |     0 | 0.00 || 2.45932 0.94647 -0.16058 26.56797 29.27589 -39.22045
  10 |  7344 | -2.99 |  974.30 |   722 |   616 |   159 |  171.07 |    0.00 |    0.00 |     0 | 0.00 || 1.56469 -1.00971 2.74576 50.11843 -33.80940 -24.93851
  11 |  6224 | -3.30 |  941.10 |   357 |   921 |     0 |  -33.45 |    0.00 |    0.00 |     0 | 0.00 || -1.92411 -0.35435 0.31884 28.32414 -14.96773 9.41645
